# x y y_err
0.000000000000000000e+00 1.316761471900522451e-01 4.063025623758823590e-01
1.282282715750935886e-01 -9.922949658926899508e-03 3.578458899600774346e-01
2.564565431501871773e-01 -2.981186216544107204e-02 4.187579158999497064e-01
3.846848147252807659e-01 6.804187488358071079e-01 4.988778370577324206e-01
5.129130863003743546e-01 8.526484651414769633e-01 3.510485749414695711e-01
6.411413578754678877e-01 9.250361626547559668e-01 3.510497276306062675e-01
7.693696294505615318e-01 2.722846074203651434e-01 5.045151363823425772e-01
8.975979010256551760e-01 6.492078497981089713e-01 4.289079061108988511e-01
1.025826172600748709e+00 9.660860393668342372e-01 3.349095186613904040e-01
1.154054444175842242e+00 1.314430175843775306e+00 4.100451549667678552e-01
1.282282715750935775e+00 7.979933262592950882e-01 3.353154533095791257e-01
1.410510987326029531e+00 9.249562399945582269e-01 3.351604352132512843e-01
1.538739258901123064e+00 5.723083562494126753e-01 3.861198190313629985e-01
1.666967530476216597e+00 6.952374319207720310e-01 2.509112347200854187e-01
1.795195802051310352e+00 1.186626631498860940e+00 2.605439894737664464e-01
1.923424073626403885e+00 1.384332415996935906e+00 3.287500623448029735e-01
2.051652345201497418e+00 8.649658621137782388e-01 3.004222709871117725e-01
2.179880616776590951e+00 1.213298744509871074e+00 3.917425036475622457e-01
2.308108888351684485e+00 8.512228697353809714e-01 3.067860085163022776e-01
2.436337159926778018e+00 4.693018741302303898e-01 2.773539639738341056e-01
2.564565431501871551e+00 7.237699133223450820e-01 4.931853331781766436e-01
2.692793703076965528e+00 9.747146414705534223e-01 3.516372199106371221e-01
2.821021974652059061e+00 3.017493475466984654e-01 3.728815914012564292e-01
2.949250246227152594e+00 6.240400098093494829e-01 2.766645168690313183e-01
3.077478517802246127e+00 -8.002607465789922658e-01 3.299294138236497087e-01
3.205706789377339661e+00 2.450735050005063975e-01 3.761318688476526506e-01
3.333935060952433194e+00 -1.657204722043494893e-01 2.922345003903008553e-01
3.462163332527526727e+00 -4.336905803951030536e-01 3.965867801802396286e-01
3.590391604102620704e+00 -4.039478759861442891e-01 3.262381189617715171e-01
3.718619875677714237e+00 -1.235284595571585875e+00 3.470318383901371262e-01
3.846848147252807770e+00 -7.198784338153503271e-01 3.261684470092986454e-01
3.975076418827901303e+00 -5.499960897416830141e-01 5.328345247777797056e-01
4.103304690402994837e+00 -2.779510928448933882e-01 3.668877100366804700e-01
4.231532961978088814e+00 -1.040907919328070586e+00 2.977377582471760764e-01
4.359761233553181903e+00 -1.289080965551571811e+00 4.336614937300030670e-01
4.487989505128275880e+00 -1.119524439783933012e+00 2.881803642837108548e-01
4.616217776703368969e+00 -6.442562635092989876e-01 3.835722494517707637e-01
4.744446048278462946e+00 -9.177606456363668341e-01 2.485940523483601006e-01
4.872674319853556035e+00 -1.136605685734833227e+00 2.820595077883423785e-01
5.000902591428650013e+00 -7.622647356136238450e-01 3.826525993120255542e-01
5.129130863003743102e+00 -8.730158284078588515e-01 4.264301569824252014e-01
5.257359134578837079e+00 -4.863732458394512403e-01 3.807065754431051552e-01
5.385587406153931056e+00 -1.034197220566114073e+00 3.594681660104925847e-01
5.513815677729024145e+00 -8.091779494779961501e-01 3.463793424201484505e-01
5.642043949304118122e+00 -7.054324922064085790e-01 2.737049991383885272e-01
5.770272220879211211e+00 -9.569234969125005597e-01 3.185522262711287800e-01
5.898500492454305189e+00 -2.759180987134420837e-01 3.355018681961691174e-01
6.026728764029398278e+00 -1.350071208485458252e-01 4.544917329966978170e-01
6.154957035604492255e+00 -1.258622018134178677e-01 3.940504461027485861e-01
6.283185307179586232e+00 -6.065603032319095977e-02 2.585650348784936936e-01
