# alpha in °; I_s in micro A; I_p in micro A
5   46  42
7   40  39
9   41  40
11  42  38
13  40  36
15  43  38
17  46  41
19  46  39
21  47  40
23  49  40
25  49  40
27  48  36
29  51  38
31  56  39
33  56  38
35  57  36
37  63  38
39  66  36
41  62  32 
43  68  33
45  68  32
47  76  32
49  79  30
51  80  26
53  76  23
55  94  24
57  100 22
59  100 20
61  100 17
63  107 14
65  113 11
67  113 9.0
69  120 6.2
71  120 3.6
73  130 2.2
75  133 1.6
77  143 3.8
79  147 6.0
81  147 14
83  153 26
85  153 46
87  160 88
